235,
3,
234,
4,
233,
5,
232,
4,
231,
4,
230,
4,
229,
4,
228,
4,
227,
4,
226,
5,
225,
4,
224,
4,
223,
5,
222,
3,
221,
5,
220,
4,
219,
4,
218,
4,
217,
4,
216,
4,
215,
4,
214,
4,
213,
5,
212,
5,
211,
3,
210,
5,
209,
7,
210,
34,
211,
33,
212,
34,
213,
33,
214,
30,
215,
16,
216,
20,
217,
20,
218,
20,
219,
22,
220,
25,
221,
25,
222,
25,
223,
10,
222,
2,
221,
2,
220,
2,
219,
2,
218,
1,
217,
2,
216,
2,
215,
2,
214,
2,
213,
2,
212,
1,
211,
2,
210,
2,
209,
2,
208,
2,
207,
2,
206,
1,
205,
3,
204,
1,
203,
2,
202,
2,
201,
2,
200,
2,
199,
1,
198,
3,
197,
1,
196,
2,
195,
2,
194,
2,
193,
2,
192,
1,
191,
3,
190,
1,
189,
2,
188,
2,
187,
2,
186,
2,
185,
2,
184,
2,
183,
2,
182,
1,
181,
2,
180,
2,
179,
2,
178,
2,
177,
2,
176,
2,
175,
1,
174,
2,
173,
2,
172,
2,
171,
2,
170,
1,
169,
1,
168,
2,
167,
1,
166,
1,
165,
2,
164,
1,
163,
1,
162,
2,
161,
1,
160,
1,
159,
1,
158,
2,
157,
1,
156,
1,
155,
2,
154,
1,
153,
1,
152,
2,
151,
1,
150,
1,
149,
2,
148,
1,
147,
1,
146,
2,
145,
1,
144,
1,
143,
2,
142,
1,
141,
1,
140,
2,
139,
1,
138,
1,
137,
2,
136,
1,
135,
1,
134,
2,
133,
1,
132,
1,
131,
2,
130,
1,
129,
1,
128,
2,
127,
1,
126,
1,
125,
2,
124,
1,
123,
1,
122,
2,
121,
1,
120,
2,
119,
1,
118,
1,
117,
1,
116,
2,
115,
1,
114,
2,
113,
1,
112,
1,
111,
2,
110,
1,
109,
2,
108,
2,
107,
2,
106,
2,
105,
1,
104,
2,
103,
2,
102,
2,
101,
2,
100,
1,
99,
2,
98,
1,
97,
2,
96,
1,
95,
1,
94,
2,
93,
2,
92,
1,
91,
1,
90,
2,
89,
1,
88,
1,
87,
2,
86,
1,
85,
1,
84,
2,
83,
1,
82,
2,
81,
1,
80,
1,
79,
2,
78,
1,
77,
2,
76,
1,
75,
1,
74,
2,
73,
2,
72,
1,
71,
2,
70,
1,
69,
1,
68,
2,
67,
1,
66,
2,
65,
1,
64,
2,
63,
1,
62,
2,
61,
1,
60,
2,
59,
1,
58,
2,
57,
1,
56,
2,
55,
1,
54,
1,
53,
1,
52,
1,
51,
1,
50,
1,
49,
1,
48,
1,
47,
1,
46,
1,
45,
1,
43,
1,
42,
1,
41,
1,
40,
1,
39,
1,
38,
1,
37,
1,
36,
1,
35,
66,
0,
7,
,
,
,
,
,
,
,
,
,
,
,
,
,
,
,
,
,
,
,
,
,
,
,
,
,
,
,
,
,
,
,
,
,
,
,
,
,
,
,
,
,
,
,
,
,
,
,
,
,
,
,
,
,
,
,
,
,
,
,
,
,
,
,
,
,
,
,
,
,
,
,
,
,
,
,
,
,
,
,
,
,
,
,
,
,
,
,
,
,
,
,
,
,
,
,
,
,
,
,
,
,
,
,
,
,
,
,
,
,
,
,
,
,
,
,
,
,
,
,
,
,
,
,
,
,
,
,
,
,
,
,
,
,
,
,
,
,
,
,
,
,
,
,
,
,
,
,
,
,
,
,
,
,
,
,
,
,
,
,
,
,
,
,
,
,
,
,
,
,
,
,
,
,
,
,
,
,
,
,
,
,
,
,
,
,
,
,
,
,
,
,
,
,
,
,
,
,
,
,
,
,
,
,
,
,
,
,
,
,
,
,
,
,
,
,
,
,
,
,
,
,
,
,
,
,
,
,
,
,
,
,
,
,
,
,
,
,
,
,
,
,
,
,
,
,
,
,
,
,
,
,
,
,
,
,
,
,
,
,
,
,
,
,
,
,
,
,
,
,
,
,
,
,
,
,
,
,
,
,
,
,
,
,
,
,
,
,
,
,
,
,
,
,
,
,
,
,
,
,
,
,
,
,
,
,
,
,
,
,
,
,
,
,
,
,
,
,
,
,
,
,
,
,
,
,
,
,
,
,
,
,
,
,
,
,
,
,
,
,
,
,
,
,
,
,
,
,
,
,
,
,
,
,
,
,
,
,
,
,
,
,
,
,
,
,
,
,
,
,
,
,
,
,
,
,
,
,
,
,
,
,
,
,
,
,
,
,
,
,
,
,
,
