-2653,
1,
-2665,
1,
-2676,
1,
-2687,
1,
-2706,
1,
-2716,
1,
-2733,
1,
-2743,
1,
-2756,
1,
-2767,
1,
-2778,
1,
-2795,
1,
-2815,
1,
-2827,
1,
-2837,
1,
-2847,
1,
-2865,
1,
-2874,
1,
-2895,
1,
-2905,
1,
-2922,
1,
-2931,
1,
-2942,
1,
-2963,
1,
-2971,
1,
-2981,
1,
-2995,
1,
-3014,
1,
-3024,
1,
-3042,
1,
-3054,
1,
-3062,
1,
-3080,
1,
-3088,
1,
-3110,
1,
-3117,
1,
-3136,
1,
-3147,
1,
-3163,
1,
-3173,
1,
-3187,
1,
-3195,
1,
-3217,
1,
-3227,
1,
-3238,
1,
-3255,
1,
-3263,
1,
-3282,
1,
-3296,
1,
-3306,
1,
-3322,
1,
-3329,
1,
-3346,
1,
-3354,
1,
-3374,
1,
-3380,
1,
-3399,
1,
-3416,
1,
-3425,
1,
-3434,
1,
-3451,
1,
-3459,
1,
-3477,
1,
-3495,
1,
-3504,
1,
-3513,
1,
-3529,
1,
-3546,
1,
-3556,
1,
-3567,
1,
-3586,
1,
-3595,
1,
-3609,
1,
-3627,
1,
-3635,
1,
-3650,
1,
-3662,
1,
-3679,
1,
-3686,
1,
-3705,
1,
-3719,
1,
-3733,
1,
-3745,
1,
-3757,
1,
-3769,
1,
-3782,
1,
-3798,
1,
-3810,
1,
-3823,
1,
-3838,
1,
-3851,
1,
-3864,
1,
-3873,
1,
-3891,
1,
-3898,
1,
-3915,
1,
-3927,
1,
-3933,
1,
-3951,
1,
-3959,
1,
-3979,
1,
-3990,
1,
-4007,
1,
-4017,
1,
-4034,
1,
-4042,
1,
-4055,
1,
-4067,
1,
-4080,
1,
-4094,
1,
-4091,
1,
-4083,
1,
-4072,
1,
-4061,
1,
-4052,
1,
-4043,
1,
-4034,
1,
-4023,
1,
-4016,
1,
-4004,
1,
-3994,
1,
-3986,
1,
-3976,
1,
-3966,
1,
-3957,
1,
-3949,
1,
-3938,
1,
-3929,
1,
-3918,
1,
-3911,
1,
-3904,
1,
-3889,
1,
-3882,
1,
-3872,
1,
-3864,
1,
-3853,
1,
-3841,
1,
-3834,
1,
-3822,
1,
-3813,
1,
-3802,
1,
-3794,
1,
-3784,
1,
-3778,
1,
-3765,
1,
-3756,
1,
-3748,
1,
-3736,
1,
-3729,
1,
-3719,
1,
-3708,
1,
-3699,
1,
-3689,
1,
-3679,
1,
-3670,
1,
-3663,
1,
-3652,
1,
-3645,
1,
-3632,
1,
-3627,
1,
-3613,
1,
-3606,
1,
-3594,
1,
-3588,
1,
-3577,
1,
-3567,
1,
-3558,
1,
-3546,
1,
-3538,
1,
-3527,
1,
-3518,
1,
-3508,
1,
-3499,
1,
-3489,
1,
-3483,
1,
-3471,
1,
-3464,
1,
-3453,
1,
-3442,
1,
-3433,
1,
-3427,
1,
-3415,
1,
-3405,
1,
-3396,
1,
-3388,
1,
-3378,
1,
-3367,
1,
-3358,
1,
-3352,
1,
-3339,
1,
-3331,
1,
-3323,
1,
-3312,
1,
-3302,
1,
-3293,
1,
-3284,
1,
-3274,
1,
-3267,
1,
-3255,
1,
-3246,
1,
-3236,
1,
-3227,
1,
-3216,
1,
-3208,
1,
-3199,
1,
-3189,
1,
-3179,
1,
-3171,
1,
-3164,
1,
-3151,
1,
-3142,
1,
-3134,
1,
-3123,
1,
-3115,
1,
-3106,
1,
-3101,
1,
-3088,
1,
-3083,
1,
-3070,
1,
-3064,
1,
-3048,
1,
-3043,
1,
-3033,
1,
-3027,
1,
-3012,
1,
-3001,
1,
-2991,
1,
-2984,
1,
-2977,
1,
-2965,
1,
-2956,
1,
-2947,
1,
-2937,
1,
-2928,
1,
-2919,
1,
-2910,
1,
-2901,
1,
-2891,
1,
-2881,
1,
-2871,
1,
-2865,
1,
-2855,
1,
-2844,
1,
-2837,
1,
-2827,
1,
-2815,
1,
-2810,
1,
-2799,
1,
-2792,
1,
-2779,
1,
-2771,
1,
-2761,
1,
-2752,
1,
-2740,
1,
-2732,
1,
-2726,
1,
-2714,
1,
-2706,
1,
-2696,
1,
-2691,
1,
-2676,
1,
-2668,
1,
-2658,
1,
-2650,
1,
-2639,
1,
-2631,
1,
-2621,
1,
-2613,
1,
-2604,
1,
-2593,
1,
-2585,
1,
-2577,
1,
-2566,
1,
-2558,
1,
-2547,
1,
-2538,
1,
-2528,
1,
-2520,
1,
-2512,
1,
-2502,
1,
-2487,
1,
-2467,
1,
-2457,
1,
-2449,
1,
-2429,
1,
-2407,
1,
-2391,
1,
-2377,
1,
-2363,
1,
-2345,
1,
-2329,
1,
-2314,
1,
-2301,
1,
-2283,
1,
-2266,
1,
-2252,
1,
-2241,
1,
-2222,
1,
-2208,
1,
-2198,
1,
-2176,
1,
-2161,
1,
-2145,
1,
-2129,
1,
-2118,
1,
-2099,
1,
-2082,
1,
-2068,
1,
-2062,
1,
-2039,
1,
-2023,
1,
-2006,
1,
-1992,
1,
-1976,
1,
-1961,
1,
-1950,
1,
-1931,
1,
-1915,
1,
-1901,
1,
-1883,
1,
-1868,
1,
-1858,
1,
-1837,
1,
-1826,
1,
-1811,
1,
-1795,
1,
-1782,
1,
-1762,
1,
-1749,
1,
-1733,
1,
-1721,
1,
-1703,
1,
-1684,
1,
-1675,
1,
-1655,
1,
-1642,
1,
-1623,
1,
-1613,
1,
-1592,
1,
-1578,
1,
-1570,
1,
-1556,
1,
-1534,
1,
-1524,
1,
-1505,
1,
-1496,
1,
-1476,
1,
-1457,
1,
-1443,
1,
-1429,
1,
-1412,
1,
-1394,
1,
-1381,
1,
-1367,
1,
-1354,
1,
-1336,
1,
-1319,
1,
-1310,
1,
-1289,
1,
-1277,
1,
-1262,
1,
-1254,
1,
-1233,
1,
-1215,
1,
-1200,
1,
-1182,
1,
-1171,
1,
-1153,
1,
-1141,
1,
-1123,
1,
-1112,
1,
-1094,
1,
-1080,
1,
-1066,
1,
-1048,
1,
-1034,
1,
-1016,
1,
-1001,
1,
-986,
1,
-973,
1,
-956,
1,
-947,
1,
-931,
1,
-911,
1,
-901,
1,
-881,
1,
-868,
1,
-850,
1,
-838,
1,
-824,
1,
-811,
1,
-796,
1,
-778,
1,
-761,
1,
-748,
1,
-730,
1,
-716,
1,
-700,
1,
-685,
1,
-672,
1,
-659,
1,
-641,
1,
-629,
1,
-613,
1,
-599,
1,
-583,
1,
-568,
1,
-550,
1,
-535,
1,
-520,
1,
-508,
1,
-490,
1,
-480,
1,
-461,
1,
-446,
1,
-431,
1,
-418,
1,
-401,
1,
-387,
1,
-371,
1,
-359,
1,
-346,
1,
-329,
1,
-313,
1,
-300,
1,
