106,
1,
108,
1,
110,
1,
112,
1,
115,
1,
116,
1,
119,
1,
120,
1,
122,
1,
123,
1,
125,
1,
127,
1,
130,
1,
131,
1,
132,
1,
134,
1,
136,
1,
137,
1,
139,
1,
140,
1,
141,
1,
142,
1,
143,
1,
145,
1,
146,
1,
147,
1,
148,
1,
149,
1,
150,
1,
151,
1,
152,
1,
153,
1,
154,
2,
155,
1,
156,
1,
157,
2,
158,
3,
159,
3,
160,
11,
159,
3,
158,
2,
157,
2,
156,
2,
155,
2,
154,
1,
153,
1,
152,
1,
151,
1,
150,
1,
149,
1,
148,
1,
147,
1,
146,
1,
145,
1,
144,
1,
142,
1,
141,
1,
140,
1,
138,
1,
137,
1,
135,
1,
134,
1,
132,
1,
131,
1,
129,
1,
127,
1,
126,
1,
124,
1,
122,
1,
120,
1,
119,
1,
116,
1,
115,
1,
112,
1,
110,
1,
109,
1,
106,
1,
105,
1,
101,
1,
100,
1,
96,
1,
95,
1,
91,
1,
92,
1,
94,
1,
95,
1,
97,
1,
98,
1,
104,
1,
111,
1,
121,
1,
130,
1,
137,
1,
144,
1,
152,
1,
161,
1,
167,
1,
176,
1,
184,
1,
191,
1,
199,
1,
206,
1,
214,
1,
220,
1,
228,
1,
235,
1,
244,
1,
248,
1,
254,
1,
265,
1,
270,
1,
278,
1,
283,
1,
292,
1,
301,
1,
306,
1,
314,
1,
321,
1,
328,
1,
334,
1,
340,
1,
345,
1,
354,
1,
360,
1,
366,
1,
374,
1,
379,
1,
385,
1,
392,
1,
398,
1,
405,
1,
411,
1,
417,
1,
421,
1,
428,
1,
432,
1,
441,
1,
444,
1,
453,
1,
456,
1,
464,
1,
467,
1,
474,
1,
480,
1,
485,
1,
492,
1,
496,
1,
502,
1,
508,
1,
513,
1,
518,
1,
524,
1,
527,
1,
534,
1,
537,
1,
543,
1,
549,
1,
554,
1,
557,
1,
563,
1,
568,
1,
572,
1,
576,
1,
582,
1,
587,
1,
591,
1,
594,
1,
600,
1,
604,
1,
608,
1,
613,
1,
617,
1,
621,
1,
625,
1,
629,
1,
633,
1,
638,
1,
642,
1,
646,
1,
650,
1,
654,
1,
657,
1,
661,
1,
665,
1,
669,
1,
672,
1,
674,
1,
679,
1,
683,
1,
686,
1,
690,
1,
693,
1,
696,
1,
698,
1,
702,
1,
704,
1,
708,
1,
710,
1,
715,
1,
717,
1,
720,
1,
722,
1,
726,
1,
730,
1,
733,
1,
735,
1,
737,
1,
740,
1,
742,
1,
745,
1,
748,
1,
750,
1,
752,
1,
754,
1,
757,
1,
759,
1,
762,
1,
764,
1,
765,
1,
767,
1,
770,
1,
771,
1,
773,
1,
776,
1,
777,
1,
779,
1,
780,
1,
783,
1,
784,
1,
786,
1,
787,
1,
789,
1,
791,
1,
792,
1,
793,
1,
794,
1,
796,
2,
798,
1,
799,
1,
801,
1,
802,
1,
803,
1,
804,
1,
805,
2,
806,
1,
807,
1,
808,
2,
809,
1,
810,
2,
811,
2,
812,
2,
815,
1,
821,
1,
828,
1,
832,
1,
835,
1,
843,
1,
851,
1,
857,
1,
862,
1,
867,
1,
874,
1,
879,
1,
884,
1,
889,
1,
896,
1,
901,
1,
906,
1,
910,
1,
916,
1,
921,
1,
924,
1,
932,
1,
936,
1,
942,
1,
946,
1,
950,
1,
956,
1,
961,
1,
965,
1,
968,
1,
974,
1,
979,
1,
984,
1,
988,
1,
993,
1,
997,
1,
1000,
1,
1006,
1,
1010,
1,
1014,
1,
1019,
1,
1023,
1,
1025,
1,
1031,
1,
1034,
1,
1038,
1,
1042,
1,
1045,
1,
1050,
1,
1053,
1,
1057,
1,
1060,
1,
1064,
1,
1069,
1,
1071,
1,
1075,
1,
1078,
1,
1083,
1,
1085,
1,
1089,
1,
1092,
1,
1094,
1,
1097,
1,
1101,
1,
1103,
1,
1107,
1,
1109,
1,
1113,
1,
1116,
1,
1119,
1,
1122,
1,
1125,
1,
1128,
1,
1130,
1,
1132,
1,
1135,
1,
1138,
1,
1140,
1,
1142,
1,
1145,
1,
1147,
1,
1149,
1,
1150,
1,
1154,
1,
1156,
1,
1158,
1,
1161,
1,
1162,
1,
1164,
1,
1166,
1,
1168,
1,
1169,
1,
1172,
1,
1173,
1,
1175,
1,
1177,
1,
1178,
1,
1180,
1,
1182,
1,
1183,
1,
1184,
1,
1186,
2,
1188,
1,
1189,
1,
1190,
1,
1192,
1,
1193,
1,
1194,
1,
1195,
1,
1196,
1,
1197,
2,
1198,
1,
1199,
1,
1200,
1,
1201,
2,
1202,
2,
1203,
2,
1204,
3,
1205,
13,
1204,
2,
1203,
3,
1202,
1,
1201,
2,
1200,
1,
1199,
2,
1198,
1,
1197,
1,
1196,
1,
1195,
1,
1194,
1,
1193,
1,
1192,
1,
1191,
1,
1190,
1,
1189,
1,
1187,
1,
1186,
1,
1185,
1,
1183,
1,
1182,
1,
1180,
1,
1179,
1,
1178,
1,
1176,
1,
1174,
1,
1172,
1,
1171,
1,
1169,
1,
1167,
1,
1165,
1,
1164,
1,
1162,
1,
1160,
1,
1157,
1,
1155,
1,
1153,
1,
1152,
1,
1148,
2,
1150,
1,
1153,
1,
1154,
1,
1157,
1,
1158,
1,
1160,
1,
1162,
1,
1164,
1,
1166,
1,
1167,
1,
1169,
1,
1171,
1,
1172,
1,
1174,
1,
1175,
1,
1177,
1,
