-1612,
3,
-1611,
3,
-1610,
2,
-1609,
3,
-1608,
2,
-1607,
3,
-1606,
2,
-1605,
2,
-1604,
3,
-1603,
2,
-1602,
2,
-1601,
3,
-1600,
2,
-1599,
2,
-1598,
3,
-1597,
2,
-1596,
3,
-1595,
3,
-1594,
2,
-1593,
2,
-1592,
3,
-1591,
2,
-1590,
3,
-1589,
2,
-1588,
3,
-1587,
2,
-1586,
3,
-1585,
2,
-1584,
2,
-1583,
2,
-1582,
3,
-1581,
3,
-1580,
2,
-1579,
2,
-1578,
3,
-1577,
2,
-1576,
3,
-1575,
2,
-1574,
3,
-1573,
3,
-1572,
2,
-1571,
3,
-1570,
1,
-1464,
1,
-1402,
2,
-1401,
2,
673,
1,
1152,
3,
1151,
4,
1150,
3,
1149,
4,
1148,
3,
1147,
3,
1146,
4,
1145,
3,
1144,
3,
1143,
4,
1142,
3,
1141,
4,
1140,
3,
1139,
4,
1138,
3,
1137,
4,
1136,
3,
1135,
3,
1134,
4,
1133,
3,
1132,
4,
1131,
3,
1130,
4,
1129,
3,
1128,
4,
1127,
3,
1126,
3,
1125,
4,
1124,
3,
1123,
4,
1122,
4,
1121,
3,
1120,
3,
1119,
4,
1118,
3,
1117,
4,
1116,
3,
1115,
4,
1114,
3,
1113,
4,
1112,
3,
1111,
3,
1110,
4,
1109,
3,
1108,
4,
1107,
3,
1106,
4,
1105,
3,
1104,
3,
1613,
1,
1856,
1,
1855,
3,
1854,
1,
1853,
3,
1852,
2,
1851,
2,
1850,
2,
1849,
2,
1848,
2,
1847,
2,
1846,
2,
1845,
3,
1844,
2,
1843,
2,
1842,
2,
1841,
2,
1840,
3,
1839,
1,
1838,
2,
1837,
3,
1836,
2,
1835,
2,
1834,
2,
1833,
2,
1832,
2,
1831,
2,
1830,
2,
1829,
3,
1828,
2,
1827,
2,
1826,
3,
1825,
1,
1824,
2,
1823,
2,
1822,
3,
1821,
2,
1820,
2,
1819,
2,
1818,
2,
1817,
2,
1816,
2,
1815,
3,
1814,
2,
1813,
2,
1812,
2,
1811,
2,
1810,
2,
1809,
3,
1808,
2,
1807,
2,
1806,
2,
1805,
2,
1804,
2,
1803,
3,
1802,
2,
1801,
2,
1800,
2,
1799,
2,
1798,
3,
1797,
2,
1796,
2,
1795,
2,
1794,
2,
1793,
2,
1792,
2,
1791,
3,
1790,
2,
1789,
2,
1788,
2,
1787,
2,
1786,
3,
1785,
2,
1784,
2,
1783,
2,
1782,
2,
1781,
2,
1780,
3,
1779,
2,
1778,
2,
1777,
2,
1776,
2,
1775,
3,
1774,
2,
1773,
2,
1772,
1,
1804,
1,
2045,
2,
2044,
2,
2043,
2,
2042,
2,
2041,
2,
2040,
2,
2039,
2,
2038,
2,
2037,
1,
2036,
2,
2035,
2,
2034,
2,
2033,
2,
2032,
2,
2031,
2,
2030,
2,
2029,
2,
2028,
2,
2027,
2,
2026,
1,
2025,
3,
2024,
1,
2023,
2,
2022,
3,
2021,
1,
2020,
2,
2019,
2,
2018,
2,
2017,
2,
2016,
2,
2015,
2,
2014,
2,
2013,
1,
2012,
3,
2011,
1,
2010,
3,
2009,
2,
2008,
1,
2007,
2,
2006,
2,
2005,
2,
2004,
2,
2003,
2,
2002,
2,
2001,
2,
2000,
2,
1999,
2,
1998,
2,
1997,
2,
2031,
1,
2038,
2,
2037,
2,
2036,
2,
2035,
2,
2034,
2,
2033,
2,
2032,
2,
2031,
2,
2030,
1,
2029,
2,
2028,
2,
2027,
2,
2026,
2,
2025,
2,
2024,
2,
2023,
2,
2022,
2,
2021,
2,
2020,
2,
2019,
2,
2018,
1,
2017,
2,
2016,
2,
2015,
2,
2014,
2,
2013,
2,
2012,
2,
2011,
2,
2010,
2,
2009,
2,
2008,
2,
2007,
2,
2006,
2,
2005,
2,
2004,
2,
2003,
2,
2002,
2,
2001,
1,
2000,
3,
1999,
2,
1998,
2,
1997,
1,
1996,
1,
2072,
1,
2077,
2,
2076,
2,
2075,
1,
2074,
2,
2073,
2,
2072,
2,
2071,
2,
2070,
2,
2134,
1,
2159,
1,
2237,
1,
2238,
1,
2237,
2,
2236,
2,
2235,
1,
2234,
2,
2233,
2,
2232,
2,
2231,
2,
2230,
1,
2229,
2,
2228,
2,
2227,
1,
2226,
2,
2225,
2,
2224,
2,
2223,
2,
2222,
2,
2221,
1,
2220,
2,
2219,
1,
2218,
2,
2316,
1,
2360,
2,
2359,
2,
2358,
1,
2357,
2,
2356,
2,
2355,
1,
2354,
2,
2353,
1,
2352,
2,
2351,
2,
2350,
2,
2349,
1,
2348,
2,
2347,
2,
2346,
1,
2345,
2,
2520,
1,
2532,
1,
2531,
2,
2530,
1,
2529,
2,
2528,
1,
2527,
2,
2526,
1,
2525,
2,
2524,
1,
2523,
2,
2522,
2,
2521,
1,
0,
72,
,
,
,
,
,
,
,
,
,
,
,
,
,
,
,
,
,
,
,
,
,
,
,
,
,
,
,
,
,
,
,
,
,
,
,
,
,
,
,
,
,
,
,
,
,
,
,
,
,
,
,
,
,
,
,
,
,
,
,
,
,
,
,
,
,
,
,
,
,
,
,
,
,
,
,
,
,
,
,
,
,
,
,
,
,
,
,
,
,
,
,
,
,
,
,
,
,
,
,
,
,
,
,
,
,
,
,
,
,
,
,
,
,
,
,
,
,
,
,
,
,
,
,
,
,
,
,
,
,
,
,
,
,
,
,
,
,
,
,
,
,
,
,
,
,
,
,
,
,
,
,
,
,
,
,
,
,
,
,
,
,
,
,
,
,
,
,
,
,
,
