268,
1,
264,
1,
259,
1,
255,
1,
247,
1,
243,
1,
236,
1,
232,
1,
226,
1,
222,
1,
217,
1,
210,
1,
202,
1,
197,
1,
193,
1,
189,
1,
182,
1,
178,
1,
170,
1,
166,
1,
159,
1,
155,
1,
151,
1,
142,
1,
139,
1,
134,
1,
129,
1,
121,
1,
117,
1,
109,
1,
105,
1,
101,
1,
94,
1,
91,
1,
82,
1,
79,
1,
71,
1,
67,
1,
60,
1,
56,
1,
50,
1,
47,
1,
38,
1,
34,
1,
30,
1,
23,
1,
19,
1,
12,
1,
6,
1,
2,
1,
-4,
1,
-7,
1,
-14,
1,
-17,
1,
-25,
1,
-28,
1,
-35,
1,
-42,
1,
-46,
1,
-50,
1,
-57,
1,
-60,
1,
-67,
1,
-75,
1,
-78,
1,
-82,
1,
-88,
1,
-95,
1,
-99,
1,
-104,
1,
-112,
1,
-115,
1,
-121,
1,
-128,
1,
-132,
1,
-138,
1,
-143,
1,
-149,
1,
-152,
1,
-160,
1,
-166,
1,
-171,
1,
-176,
1,
-181,
1,
-186,
1,
-192,
1,
-198,
1,
-203,
1,
-208,
1,
-214,
1,
-219,
1,
-225,
1,
-229,
1,
-236,
1,
-239,
1,
-246,
1,
-251,
1,
-253,
1,
-261,
1,
-264,
1,
-272,
1,
-276,
1,
-283,
1,
-287,
1,
-294,
1,
1,
1,
173,
1,
167,
1,
161,
1,
155,
1,
822,
1,
973,
1,
966,
1,
959,
1,
954,
1,
949,
1,
944,
1,
937,
1,
933,
1,
926,
1,
920,
1,
915,
1,
909,
1,
904,
1,
898,
1,
893,
1,
887,
1,
882,
1,
875,
1,
871,
1,
867,
1,
858,
1,
854,
1,
848,
1,
844,
1,
837,
1,
830,
1,
826,
1,
819,
1,
813,
1,
807,
1,
802,
1,
796,
1,
792,
1,
785,
1,
780,
1,
775,
1,
768,
1,
763,
1,
758,
1,
751,
1,
746,
1,
740,
1,
734,
1,
729,
1,
725,
1,
718,
1,
714,
1,
706,
1,
703,
1,
695,
1,
691,
1,
684,
1,
680,
1,
674,
1,
668,
1,
663,
1,
656,
1,
651,
1,
645,
1,
639,
1,
633,
1,
628,
1,
622,
1,
619,
1,
611,
1,
608,
1,
601,
1,
594,
1,
589,
1,
585,
1,
579,
1,
572,
1,
567,
1,
563,
1,
556,
1,
550,
1,
545,
1,
541,
1,
534,
1,
529,
1,
524,
1,
518,
1,
512,
1,
507,
1,
501,
1,
495,
1,
491,
1,
484,
1,
479,
1,
473,
1,
467,
1,
461,
1,
456,
1,
451,
1,
445,
1,
439,
1,
434,
1,
430,
1,
423,
1,
417,
1,
412,
1,
406,
1,
401,
1,
396,
1,
393,
1,
385,
1,
383,
1,
375,
1,
371,
1,
362,
1,
359,
1,
353,
1,
349,
1,
341,
1,
334,
1,
328,
1,
324,
1,
320,
1,
313,
1,
308,
1,
302,
1,
296,
1,
291,
1,
286,
1,
281,
1,
275,
1,
269,
1,
263,
1,
258,
1,
254,
1,
248,
1,
242,
1,
237,
1,
232,
1,
224,
1,
221,
1,
215,
1,
211,
1,
203,
1,
198,
1,
192,
1,
187,
1,
180,
1,
175,
1,
172,
1,
165,
1,
160,
1,
154,
1,
151,
1,
142,
1,
138,
1,
132,
1,
127,
1,
121,
1,
116,
1,
110,
1,
105,
1,
100,
1,
93,
1,
89,
1,
84,
1,
77,
1,
73,
1,
66,
1,
61,
1,
55,
1,
50,
1,
46,
1,
502,
1,
717,
1,
710,
1,
707,
1,
704,
1,
697,
1,
689,
1,
683,
1,
678,
1,
673,
1,
666,
1,
660,
1,
655,
1,
650,
1,
644,
1,
638,
1,
632,
1,
629,
1,
622,
1,
617,
1,
613,
1,
605,
1,
599,
1,
594,
1,
588,
1,
584,
1,
577,
1,
571,
1,
566,
1,
563,
1,
555,
1,
549,
1,
543,
1,
538,
1,
532,
1,
527,
1,
523,
1,
516,
1,
510,
1,
505,
1,
499,
1,
493,
1,
490,
1,
482,
1,
478,
1,
473,
1,
467,
1,
462,
1,
455,
1,
450,
1,
444,
1,
440,
1,
434,
1,
427,
1,
423,
1,
416,
1,
411,
1,
405,
1,
401,
1,
393,
1,
388,
1,
385,
1,
380,
1,
372,
1,
369,
1,
362,
1,
358,
1,
351,
1,
344,
1,
339,
1,
334,
1,
328,
1,
322,
1,
317,
1,
312,
1,
307,
1,
301,
1,
294,
1,
291,
1,
284,
1,
279,
1,
274,
1,
271,
1,
263,
1,
257,
1,
251,
1,
245,
1,
241,
1,
234,
1,
230,
1,
223,
1,
219,
1,
213,
1,
208,
1,
203,
1,
196,
1,
191,
1,
185,
1,
179,
1,
174,
1,
169,
1,
163,
1,
160,
1,
154,
1,
147,
1,
143,
1,
136,
1,
131,
1,
124,
1,
120,
1,
115,
1,
110,
1,
105,
1,
98,
1,
92,
1,
87,
1,
81,
1,
76,
1,
70,
1,
65,
1,
60,
1,
55,
1,
49,
1,
44,
1,
39,
1,
34,
1,
28,
1,
22,
1,
16,
1,
10,
1,
5,
1,
1,
1,
-5,
1,
-9,
1,
-15,
1,
-21,
1,
-26,
1,
-31,
1,
-37,
1,
-42,
1,
-48,
1,
-52,
1,
-57,
1,
-63,
1,
-69,
1,
-74,
1,
