221,
70,
220,
3,
219,
2,
218,
1,
217,
2,
216,
1,
215,
2,
214,
2,
213,
1,
212,
2,
211,
2,
210,
2,
209,
5,
208,
14,
209,
12,
210,
10,
211,
8,
212,
8,
213,
7,
214,
8,
215,
8,
216,
40,
215,
52,
216,
10,
217,
9,
218,
15,
219,
13,
220,
7,
219,
8,
218,
5,
217,
5,
216,
8,
215,
12,
216,
6,
217,
5,
218,
5,
219,
4,
220,
5,
221,
5,
222,
5,
223,
6,
224,
6,
225,
6,
226,
6,
227,
6,
228,
7,
229,
6,
230,
6,
231,
6,
232,
6,
233,
5,
234,
6,
235,
5,
236,
19,
235,
5,
234,
4,
233,
5,
232,
5,
231,
4,
230,
3,
229,
3,
228,
2,
227,
1,
226,
2,
225,
2,
224,
2,
223,
1,
222,
2,
221,
2,
220,
2,
219,
1,
218,
2,
217,
2,
216,
2,
215,
1,
214,
2,
213,
1,
212,
2,
211,
2,
210,
2,
209,
1,
208,
2,
207,
1,
206,
2,
205,
2,
204,
1,
203,
2,
202,
2,
201,
1,
200,
2,
199,
2,
198,
2,
197,
1,
196,
2,
195,
2,
194,
2,
193,
1,
192,
2,
191,
2,
190,
2,
189,
1,
188,
2,
187,
1,
186,
1,
185,
1,
184,
1,
183,
1,
182,
1,
181,
1,
180,
1,
179,
1,
177,
2,
176,
1,
175,
1,
173,
1,
172,
1,
171,
1,
170,
1,
169,
1,
168,
1,
167,
1,
166,
1,
165,
1,
164,
1,
162,
1,
161,
1,
160,
1,
159,
1,
158,
1,
157,
1,
156,
1,
155,
1,
154,
1,
153,
1,
151,
1,
150,
1,
149,
1,
148,
1,
147,
1,
146,
1,
145,
1,
144,
1,
143,
1,
142,
1,
141,
1,
140,
1,
138,
1,
137,
1,
136,
1,
135,
1,
134,
1,
133,
1,
132,
1,
131,
1,
130,
1,
128,
1,
127,
1,
126,
1,
125,
1,
124,
1,
123,
1,
122,
1,
121,
1,
120,
1,
119,
1,
117,
1,
116,
1,
115,
1,
114,
1,
113,
1,
112,
1,
111,
1,
110,
1,
109,
1,
108,
1,
107,
1,
106,
1,
105,
1,
104,
1,
103,
1,
102,
1,
101,
1,
100,
1,
99,
1,
98,
2,
97,
1,
96,
1,
95,
1,
94,
2,
93,
1,
92,
1,
91,
1,
90,
2,
89,
1,
88,
2,
87,
2,
86,
1,
85,
2,
84,
2,
83,
1,
82,
2,
81,
2,
80,
2,
79,
2,
78,
2,
77,
2,
76,
2,
75,
2,
74,
2,
73,
2,
72,
2,
71,
2,
70,
2,
69,
2,
68,
2,
67,
2,
66,
1,
65,
2,
64,
2,
63,
2,
62,
2,
61,
2,
60,
1,
59,
2,
58,
2,
57,
2,
56,
1,
55,
2,
54,
1,
55,
3,
56,
2,
57,
2,
58,
2,
59,
2,
60,
3,
61,
2,
62,
2,
63,
3,
64,
2,
65,
2,
66,
2,
67,
3,
68,
2,
69,
2,
70,
2,
71,
3,
72,
2,
73,
2,
74,
3,
75,
2,
76,
2,
77,
3,
78,
2,
79,
2,
80,
2,
81,
3,
82,
1,
0,
7,
,
,
,
,
,
,
,
,
,
,
,
,
,
,
,
,
,
,
,
,
,
,
,
,
,
,
,
,
,
,
,
,
,
,
,
,
,
,
,
,
,
,
,
,
,
,
,
,
,
,
,
,
,
,
,
,
,
,
,
,
,
,
,
,
,
,
,
,
,
,
,
,
,
,
,
,
,
,
,
,
,
,
,
,
,
,
,
,
,
,
,
,
,
,
,
,
,
,
,
,
,
,
,
,
,
,
,
,
,
,
,
,
,
,
,
,
,
,
,
,
,
,
,
,
,
,
,
,
,
,
,
,
,
,
,
,
,
,
,
,
,
,
,
,
,
,
,
,
,
,
,
,
,
,
,
,
,
,
,
,
,
,
,
,
,
,
,
,
,
,
,
,
,
,
,
,
,
,
,
,
,
,
,
,
,
,
,
,
,
,
,
,
,
,
,
,
,
,
,
,
,
,
,
,
,
,
,
,
,
,
,
,
,
,
,
,
,
,
,
,
,
,
,
,
,
,
,
,
,
,
,
,
,
,
,
,
,
,
,
,
,
,
,
,
,
,
,
,
,
,
,
,
,
,
,
,
,
,
,
,
,
,
,
,
,
,
,
,
,
,
,
,
,
,
,
,
,
,
,
,
,
,
,
,
,
,
,
,
,
,
,
,
,
,
,
,
,
,
,
,
,
,
,
,
,
,
,
,
,
,
,
,
,
,
,
,
,
,
,
,
,
,
,
,
,
,
,
,
,
,
,
,
,
,
