-4692,
1,
-4687,
1,
-4683,
1,
-4679,
1,
-4672,
1,
-4669,
1,
-4662,
1,
-4658,
1,
-4653,
1,
-4649,
1,
-4645,
1,
-4639,
1,
-4632,
1,
-4627,
1,
-4624,
1,
-4620,
1,
-4614,
1,
-4611,
1,
-4604,
1,
-4600,
1,
-4594,
1,
-4591,
1,
-4588,
1,
-4580,
1,
-4578,
1,
-4575,
1,
-4570,
1,
-4564,
1,
-4561,
1,
-4555,
1,
-4551,
1,
-4549,
1,
-4543,
1,
-4541,
1,
-4534,
1,
-4532,
1,
-4526,
1,
-4523,
1,
-4518,
1,
-4515,
1,
-4512,
1,
-4509,
1,
-4503,
1,
-4500,
1,
-4497,
1,
-4493,
1,
-4490,
1,
-4485,
1,
-4481,
1,
-4479,
1,
-4475,
1,
-4473,
1,
-4468,
1,
-4467,
1,
-4461,
1,
-4460,
1,
-4455,
1,
-4451,
1,
-4449,
1,
-4447,
1,
-4443,
1,
-4441,
1,
-4437,
1,
-4433,
1,
-4431,
1,
-4429,
1,
-4425,
1,
-4422,
1,
-4420,
1,
-4417,
1,
-4413,
1,
-4411,
1,
-4408,
1,
-4403,
1,
-4401,
1,
-4398,
1,
-4395,
1,
-4390,
1,
-4388,
1,
-4383,
1,
-4379,
1,
-4375,
1,
-4372,
1,
-4368,
1,
-4364,
1,
-4360,
1,
-4355,
1,
-4352,
1,
-4347,
1,
-4343,
1,
-4338,
1,
-4334,
1,
-4330,
1,
-4324,
1,
-4322,
1,
-4316,
1,
-4311,
1,
-4309,
1,
-4302,
1,
-4299,
1,
-4292,
1,
-4288,
1,
-4281,
1,
-4277,
1,
-4270,
1,
-4266,
1,
-4260,
1,
-4255,
1,
-4248,
1,
-4242,
1,
-4239,
1,
-4236,
1,
-4232,
1,
-4227,
1,
-4224,
1,
-4220,
1,
-4216,
1,
-4211,
1,
-4208,
1,
-4202,
1,
-4198,
1,
-4194,
1,
-4189,
1,
-4184,
1,
-4180,
1,
-4176,
1,
-4170,
1,
-4166,
1,
-4160,
1,
-4156,
1,
-4152,
1,
-4143,
1,
-4139,
1,
-4133,
1,
-4129,
1,
-4121,
1,
-4114,
1,
-4109,
1,
-4101,
1,
-4095,
1,
-4088,
1,
-4082,
1,
-4075,
1,
-4070,
1,
-4062,
1,
-4055,
1,
-4049,
1,
-4040,
1,
-4035,
1,
-4027,
1,
-4019,
1,
-4012,
1,
-4004,
1,
-3997,
1,
-3989,
1,
-3984,
1,
-3975,
1,
-3969,
1,
-3958,
1,
-3954,
1,
-3942,
1,
-3937,
1,
-3927,
1,
-3922,
1,
-3913,
1,
-3904,
1,
-3897,
1,
-3887,
1,
-3880,
1,
-3871,
1,
-3863,
1,
-3854,
1,
-3846,
1,
-3837,
1,
-3832,
1,
-3821,
1,
-3815,
1,
-3804,
1,
-3794,
1,
-3785,
1,
-3780,
1,
-3769,
1,
-3759,
1,
-3751,
1,
-3743,
1,
-3732,
1,
-3722,
1,
-3713,
1,
-3707,
1,
-3694,
1,
-3686,
1,
-3677,
1,
-3667,
1,
-3656,
1,
-3647,
1,
-3637,
1,
-3627,
1,
-3619,
1,
-3607,
1,
-3597,
1,
-3586,
1,
-3576,
1,
-3565,
1,
-3555,
1,
-3545,
1,
-3535,
1,
-3524,
1,
-3514,
1,
-3507,
1,
-3492,
1,
-3481,
1,
-3472,
1,
-3459,
1,
-3450,
1,
-3439,
1,
-3433,
1,
-3418,
1,
-3412,
1,
-3396,
1,
-3389,
1,
-3371,
1,
-3365,
1,
-3352,
1,
-3345,
1,
-3327,
1,
-3314,
1,
-3301,
1,
-3292,
1,
-3284,
1,
-3270,
1,
-3259,
1,
-3247,
1,
-3235,
1,
-3223,
1,
-3212,
1,
-3201,
1,
-3190,
1,
-3176,
1,
-3163,
1,
-3151,
1,
-3143,
1,
-3130,
1,
-3115,
1,
-3106,
1,
-3093,
1,
-3077,
1,
-3070,
1,
-3055,
1,
-3045,
1,
-3028,
1,
-3017,
1,
-3002,
1,
-2990,
1,
-2974,
1,
-2962,
1,
-2952,
1,
-2936,
1,
-2924,
1,
-2911,
1,
-2903,
1,
-2881,
1,
-2869,
1,
-2855,
1,
-2842,
1,
-2826,
1,
-2814,
1,
-2799,
1,
-2787,
1,
-2773,
1,
-2756,
1,
-2744,
1,
-2732,
1,
-2714,
1,
-2702,
1,
-2684,
1,
-2670,
1,
-2655,
1,
-2642,
1,
-2630,
1,
-2616,
1,
-2601,
1,
-2584,
1,
-2575,
1,
-2567,
1,
-2549,
1,
-2530,
1,
-2515,
1,
-2503,
1,
-2490,
1,
-2473,
1,
-2459,
1,
-2446,
1,
-2433,
1,
-2417,
1,
-2402,
1,
-2389,
1,
-2380,
1,
-2362,
1,
-2350,
1,
-2340,
1,
-2320,
1,
-2307,
1,
-2292,
1,
-2278,
1,
-2268,
1,
-2251,
1,
-2235,
1,
-2223,
1,
-2217,
1,
-2197,
1,
-2182,
1,
-2166,
1,
-2154,
1,
-2139,
1,
-2125,
1,
-2115,
1,
-2097,
1,
-2082,
1,
-2070,
1,
-2052,
1,
-2038,
1,
-2029,
1,
-2009,
1,
-1998,
1,
-1984,
1,
-1969,
1,
-1956,
1,
-1937,
1,
-1925,
1,
-1910,
1,
-1898,
1,
-1881,
1,
-1863,
1,
-1853,
1,
-1834,
1,
-1821,
1,
-1803,
1,
-1793,
1,
-1772,
1,
-1759,
1,
-1751,
1,
-1737,
1,
-1715,
1,
-1705,
1,
-1687,
1,
-1677,
1,
-1658,
1,
-1639,
1,
-1624,
1,
-1610,
1,
-1593,
1,
-1576,
1,
-1562,
1,
-1548,
1,
-1535,
1,
-1516,
1,
-1499,
1,
-1490,
1,
-1468,
1,
-1456,
1,
-1441,
1,
-1433,
1,
-1410,
1,
-1392,
1,
-1376,
1,
-1357,
1,
-1346,
1,
-1328,
1,
-1315,
1,
-1296,
1,
-1285,
1,
-1267,
1,
-1252,
1,
-1237,
1,
-1219,
1,
-1204,
1,
-1185,
1,
-1170,
1,
-1154,
1,
-1140,
1,
-1122,
1,
-1113,
1,
-1095,
1,
-1075,
1,
-1063,
1,
-1042,
1,
-1028,
1,
-1009,
1,
-996,
1,
-981,
1,
-966,
1,
-950,
1,
-930,
1,
-912,
1,
-898,
1,
-878,
1,
-864,
1,
-846,
1,
-830,
1,
-815,
1,
-801,
1,
-782,
1,
-768,
1,
-752,
1,
-736,
1,
-718,
1,
-702,
1,
-683,
1,
-666,
1,
-650,
1,
-637,
1,
-617,
1,
-606,
1,
-586,
1,
-569,
1,
-553,
1,
-538,
1,
-520,
1,
-504,
1,
-487,
1,
-473,
1,
-459,
1,
-440,
1,
-423,
1,
-408,
1,
