17,
110,
16,
1,
15,
6,
16,
15,
18,
1,
21,
1,
23,
1,
26,
1,
29,
1,
31,
1,
34,
1,
37,
1,
40,
1,
43,
1,
45,
1,
48,
1,
51,
1,
54,
1,
57,
1,
61,
1,
64,
1,
67,
1,
71,
1,
74,
1,
78,
1,
81,
1,
85,
1,
87,
1,
92,
1,
94,
1,
99,
1,
101,
1,
106,
1,
109,
1,
113,
1,
116,
1,
123,
1,
129,
1,
135,
1,
142,
1,
146,
1,
153,
1,
158,
1,
164,
1,
169,
1,
175,
1,
178,
1,
186,
1,
189,
1,
196,
1,
202,
1,
208,
1,
211,
1,
217,
1,
223,
1,
228,
1,
233,
1,
239,
1,
245,
1,
249,
1,
253,
1,
260,
1,
265,
1,
270,
1,
275,
1,
281,
1,
286,
1,
291,
1,
297,
1,
301,
1,
307,
1,
312,
1,
318,
1,
323,
1,
329,
1,
334,
1,
339,
1,
344,
1,
349,
1,
354,
1,
358,
1,
365,
1,
371,
1,
375,
1,
381,
1,
386,
1,
391,
1,
394,
1,
401,
1,
403,
1,
411,
1,
414,
1,
423,
1,
426,
1,
431,
1,
434,
1,
442,
1,
448,
1,
454,
1,
458,
1,
461,
1,
467,
1,
472,
1,
477,
1,
482,
1,
487,
1,
491,
1,
495,
1,
500,
1,
505,
1,
511,
1,
515,
1,
518,
1,
523,
1,
529,
1,
532,
1,
537,
1,
543,
1,
545,
1,
551,
1,
555,
1,
560,
1,
564,
1,
569,
1,
573,
1,
579,
1,
583,
1,
586,
1,
591,
1,
595,
1,
600,
1,
602,
1,
609,
1,
612,
1,
617,
1,
621,
1,
625,
1,
629,
1,
633,
1,
637,
1,
641,
1,
645,
1,
649,
1,
652,
1,
657,
1,
660,
1,
665,
1,
669,
1,
673,
1,
676,
1,
679,
1,
682,
1,
685,
1,
689,
1,
690,
1,
692,
1,
695,
1,
699,
1,
702,
1,
704,
1,
706,
1,
709,
1,
712,
1,
714,
1,
716,
1,
719,
1,
721,
1,
723,
1,
725,
1,
727,
1,
729,
1,
730,
1,
733,
1,
735,
1,
737,
1,
739,
1,
740,
1,
742,
1,
744,
1,
745,
1,
746,
1,
748,
1,
750,
1,
752,
1,
753,
1,
755,
1,
756,
1,
757,
1,
759,
1,
761,
1,
762,
1,
764,
1,
766,
1,
767,
1,
769,
1,
771,
1,
772,
1,
774,
1,
776,
1,
778,
1,
780,
1,
781,
1,
783,
1,
785,
1,
787,
1,
789,
1,
791,
1,
793,
1,
795,
1,
797,
1,
800,
1,
801,
1,
802,
1,
804,
1,
807,
1,
809,
1,
811,
1,
813,
1,
816,
1,
819,
1,
821,
1,
823,
1,
825,
1,
828,
1,
830,
1,
832,
1,
834,
1,
837,
1,
840,
1,
841,
1,
844,
1,
846,
1,
849,
1,
850,
1,
854,
1,
856,
1,
859,
1,
862,
1,
863,
1,
866,
1,
868,
1,
870,
1,
872,
1,
874,
1,
876,
1,
878,
1,
880,
1,
882,
1,
884,
1,
886,
1,
888,
1,
890,
1,
892,
1,
893,
1,
895,
1,
898,
1,
899,
1,
902,
1,
904,
1,
906,
1,
908,
1,
910,
1,
912,
1,
913,
1,
916,
1,
918,
1,
920,
1,
922,
1,
923,
1,
925,
1,
927,
1,
928,
1,
930,
1,
931,
1,
933,
1,
934,
1,
935,
1,
937,
1,
938,
1,
940,
1,
941,
1,
942,
1,
943,
1,
945,
2,
947,
1,
948,
2,
949,
1,
950,
1,
951,
1,
952,
2,
953,
1,
954,
2,
955,
1,
956,
1,
957,
2,
958,
1,
959,
1,
960,
2,
961,
1,
962,
1,
963,
1,
964,
1,
965,
1,
966,
1,
967,
1,
968,
1,
969,
1,
971,
1,
972,
1,
973,
1,
974,
1,
975,
1,
977,
1,
978,
1,
979,
1,
981,
1,
982,
1,
983,
1,
984,
1,
985,
1,
986,
1,
988,
1,
989,
1,
990,
1,
991,
2,
993,
3,
994,
4,
995,
2,
996,
3,
997,
2,
998,
2,
999,
1,
1000,
2,
1001,
1,
1002,
2,
1003,
1,
1004,
1,
1005,
2,
1006,
1,
1007,
2,
1008,
1,
1009,
2,
1010,
2,
1011,
3,
1012,
30,
1011,
2,
1010,
3,
1009,
2,
1008,
1,
1007,
2,
1006,
1,
1005,
1,
1004,
1,
1003,
1,
1002,
2,
1001,
1,
1000,
1,
999,
1,
998,
1,
997,
1,
995,
1,
994,
1,
993,
1,
991,
1,
990,
1,
989,
1,
987,
1,
986,
1,
984,
1,
983,
1,
981,
1,
979,
1,
977,
1,
975,
1,
974,
1,
972,
1,
970,
1,
968,
1,
966,
1,
963,
1,
961,
1,
959,
1,
957,
1,
955,
1,
952,
1,
950,
1,
947,
1,
945,
1,
943,
1,
940,
1,
937,
1,
935,
1,
932,
1,
929,
1,
926,
1,
925,
1,
921,
1,
919,
1,
916,
1,
913,
1,
911,
1,
909,
1,
906,
1,
903,
1,
901,
1,
898,
1,
896,
1,
893,
1,
890,
1,
887,
1,
884,
1,
882,
1,
879,
1,
875,
1,
873,
1,
870,
1,
867,
1,
864,
1,
860,
1,
857,
1,
854,
1,
851,
1,
847,
1,
843,
1,
840,
1,
