0,
66,
-2,
1,
-10,
1,
-16,
1,
-22,
1,
-33,
1,
-38,
1,
-45,
1,
-53,
1,
-57,
1,
-64,
1,
-70,
1,
-79,
1,
-78,
1,
-73,
1,
-71,
3,
-72,
1,
-73,
1,
-75,
1,
-67,
1,
-61,
1,
-54,
1,
-47,
1,
-42,
1,
-36,
1,
-32,
1,
-25,
1,
-22,
1,
-14,
1,
-8,
1,
-5,
1,
4,
1,
6,
1,
0,
1,
-1,
1,
-2,
2,
0,
2,
2,
1,
4,
1,
7,
1,
10,
1,
6,
1,
5,
1,
7,
1,
8,
1,
9,
1,
10,
1,
11,
2,
12,
11,
13,
6,
14,
5,
15,
6,
16,
11,
15,
3,
14,
2,
13,
1,
14,
3,
13,
1,
12,
2,
11,
1,
10,
2,
9,
1,
8,
2,
7,
1,
6,
1,
5,
1,
4,
2,
3,
1,
2,
2,
1,
2,
0,
4,
-1,
3,
-2,
3,
-3,
5,
-4,
16,
-3,
14,
-2,
4,
-1,
3,
0,
6,
1,
3,
2,
3,
3,
2,
4,
2,
5,
3,
6,
2,
7,
2,
8,
2,
9,
2,
10,
2,
11,
3,
12,
1,
13,
2,
14,
7,
10,
1,
8,
22,
9,
7,
8,
1,
5,
1,
3,
1,
1,
1,
-1,
1,
-3,
1,
-4,
1,
-7,
1,
-9,
1,
-11,
1,
-13,
1,
-15,
1,
-16,
1,
-18,
1,
-19,
1,
-20,
1,
-21,
1,
-22,
1,
-23,
6,
-22,
1,
-21,
2,
-19,
2,
-17,
1,
-16,
1,
-15,
1,
-13,
1,
-11,
1,
-9,
1,
-7,
1,
-6,
1,
-3,
1,
-1,
1,
0,
1,
2,
1,
4,
1,
7,
1,
8,
1,
10,
1,
12,
1,
14,
1,
17,
1,
18,
1,
20,
1,
22,
1,
23,
1,
24,
1,
25,
14,
26,
5,
25,
2,
24,
2,
23,
1,
22,
1,
21,
2,
20,
12,
19,
22,
18,
9,
19,
5,
20,
5,
21,
19,
23,
1,
24,
2,
23,
1,
21,
1,
20,
1,
18,
1,
16,
1,
14,
1,
12,
1,
11,
1,
8,
1,
6,
1,
4,
1,
1,
1,
0,
1,
-3,
1,
-5,
1,
-8,
1,
-10,
1,
-13,
1,
-16,
1,
-18,
1,
-21,
1,
-24,
1,
-25,
16,
-24,
4,
-27,
1,
-30,
1,
-33,
1,
-38,
1,
-42,
1,
-44,
1,
-49,
1,
-51,
1,
-55,
1,
-58,
1,
-64,
1,
-67,
1,
-68,
13,
-69,
5,
-70,
5,
-71,
4,
-72,
4,
-73,
8,
-71,
9,
-70,
3,
-69,
3,
-68,
2,
-67,
3,
-66,
2,
-69,
1,
-74,
1,
-81,
1,
-87,
1,
-90,
1,
-96,
1,
-102,
1,
-106,
1,
-112,
1,
-116,
1,
-121,
1,
-126,
1,
-127,
2,
-128,
3,
-129,
4,
-130,
4,
-131,
36,
-136,
1,
-137,
1,
-136,
4,
-135,
1,
-134,
1,
-133,
1,
-131,
1,
-130,
1,
-129,
1,
-128,
1,
-126,
1,
-125,
1,
-124,
1,
-123,
1,
-122,
1,
-120,
1,
-119,
1,
-117,
1,
-115,
1,
-113,
1,
-111,
1,
-110,
1,
-107,
1,
-106,
1,
-104,
1,
-102,
1,
-100,
1,
-98,
1,
-96,
1,
-95,
1,
-93,
1,
-91,
1,
-89,
1,
-87,
1,
-85,
1,
-83,
1,
-82,
1,
-80,
1,
-79,
1,
-77,
1,
-76,
1,
-74,
1,
-73,
1,
-72,
1,
-71,
1,
-69,
1,
-68,
1,
-67,
1,
-66,
1,
-65,
1,
-63,
1,
-62,
1,
-64,
2,
-63,
1,
-61,
2,
-60,
1,
-59,
2,
-58,
3,
-57,
4,
-58,
2,
-59,
2,
-60,
1,
-61,
2,
-62,
1,
-63,
1,
-64,
1,
-65,
1,
-66,
1,
-67,
1,
-62,
2,
-63,
1,
-64,
1,
-65,
1,
-66,
2,
-67,
3,
-68,
2,
-67,
4,
-66,
1,
-65,
1,
-64,
2,
-63,
1,
52,
63,
0,
7,
,
,
,
,
,
,
,
,
,
,
,
,
,
,
,
,
,
,
,
,
,
,
,
,
,
,
,
,
,
,
,
,
,
,
,
,
,
,
,
,
,
,
,
,
,
,
,
,
,
,
,
,
,
,
,
,
,
,
,
,
,
,
,
,
,
,
,
,
,
,
,
,
,
,
,
,
,
,
,
,
,
,
,
,
,
,
,
,
,
,
,
,
,
,
,
,
,
,
,
,
,
,
,
,
,
,
,
,
,
,
,
,
,
,
,
,
,
,
,
,
,
,
,
,
,
,
,
,
,
,
,
,
,
,
,
,
,
,
,
,
,
,
,
,
,
,
,
,
,
,
,
,
,
,
,
,
,
,
,
,
,
,
,
,
,
,
,
,
,
,
,
,
,
,
,
,
,
,
,
,
,
,
,
,
,
,
,
,
,
,
,
,
,
,
,
,
,
,
,
,
,
,
,
,
,
,
,
,
,
,
,
,
,
,
,
,
,
,
,
,
,
,
,
,
,
,
,
,
,
,
,
,
,
,
,
,
,
,
,
,
