567,
1,
575,
1,
582,
1,
589,
1,
600,
1,
606,
1,
608,
1,
604,
1,
600,
1,
596,
1,
593,
1,
587,
1,
581,
1,
577,
1,
574,
1,
570,
1,
564,
1,
561,
1,
555,
1,
551,
1,
546,
1,
543,
1,
539,
1,
532,
1,
530,
1,
526,
1,
522,
1,
516,
1,
512,
1,
506,
1,
502,
1,
500,
1,
494,
1,
491,
1,
484,
1,
482,
1,
475,
1,
472,
1,
467,
1,
463,
1,
459,
1,
456,
1,
449,
1,
446,
1,
442,
1,
436,
1,
434,
1,
427,
1,
423,
1,
419,
1,
414,
1,
412,
1,
406,
1,
404,
1,
397,
1,
395,
1,
389,
1,
383,
1,
380,
1,
377,
1,
371,
1,
369,
1,
363,
1,
357,
1,
354,
1,
351,
1,
344,
1,
335,
1,
338,
1,
344,
1,
356,
1,
361,
1,
370,
1,
381,
1,
386,
1,
395,
1,
403,
1,
413,
1,
418,
1,
433,
1,
444,
1,
453,
1,
462,
1,
471,
1,
479,
1,
488,
1,
497,
1,
503,
1,
510,
1,
519,
1,
527,
1,
534,
1,
540,
1,
550,
1,
555,
1,
565,
1,
572,
1,
575,
1,
586,
1,
590,
1,
603,
1,
609,
1,
620,
1,
626,
1,
637,
1,
642,
1,
650,
1,
658,
1,
667,
1,
676,
1,
488,
1,
450,
1,
462,
1,
472,
1,
481,
1,
489,
1,
498,
1,
508,
1,
515,
1,
526,
1,
535,
1,
543,
1,
552,
1,
560,
1,
569,
1,
576,
1,
585,
1,
593,
1,
610,
1,
621,
1,
634,
1,
659,
1,
672,
1,
689,
1,
702,
1,
722,
1,
740,
1,
752,
1,
764,
1,
773,
1,
783,
1,
791,
1,
799,
1,
806,
1,
817,
1,
826,
1,
834,
1,
845,
1,
851,
1,
860,
1,
870,
1,
878,
1,
887,
1,
895,
1,
903,
1,
908,
1,
918,
1,
925,
1,
937,
1,
942,
1,
955,
1,
961,
1,
971,
1,
947,
1,
932,
1,
941,
1,
950,
1,
960,
1,
967,
1,
977,
1,
985,
1,
994,
1,
1002,
1,
1011,
1,
1016,
1,
1027,
1,
1033,
1,
1043,
1,
1052,
1,
1060,
1,
1065,
1,
1075,
1,
1083,
1,
1091,
1,
1097,
1,
1106,
1,
1115,
1,
1122,
1,
1126,
1,
1137,
1,
1144,
1,
1150,
1,
1158,
1,
1166,
1,
1173,
1,
1180,
1,
1187,
1,
1193,
1,
1202,
1,
1208,
1,
1216,
1,
1223,
1,
1231,
1,
1237,
1,
1244,
1,
1251,
1,
1258,
1,
1265,
1,
1269,
1,
1279,
1,
1286,
1,
1292,
1,
1301,
1,
1307,
1,
1314,
1,
1317,
1,
1328,
1,
1331,
1,
1342,
1,
1346,
1,
1359,
1,
1360,
8,
1366,
1,
1373,
1,
1381,
1,
1390,
1,
1398,
1,
1405,
1,
1413,
1,
1421,
1,
1430,
1,
1439,
1,
1447,
1,
1452,
1,
1461,
1,
1471,
1,
1477,
1,
1486,
1,
1497,
1,
1501,
1,
1511,
1,
1518,
1,
1529,
1,
1536,
1,
1546,
1,
1554,
1,
1564,
1,
1572,
1,
1578,
1,
1588,
1,
1596,
1,
1605,
1,
1609,
1,
1623,
1,
1630,
1,
1639,
1,
1647,
1,
1657,
1,
1665,
1,
1674,
1,
1681,
1,
1689,
1,
1699,
1,
1707,
1,
1714,
1,
1724,
1,
1731,
1,
1734,
5,
1697,
1,
1680,
1,
1679,
2,
1678,
2,
1677,
1,
1676,
2,
1675,
2,
1674,
2,
1673,
2,
1672,
2,
1671,
2,
1670,
2,
1669,
2,
1668,
2,
1667,
2,
1666,
3,
1670,
1,
1676,
1,
1683,
1,
1688,
1,
1694,
1,
1699,
1,
1703,
1,
1710,
1,
1715,
1,
1719,
1,
1725,
1,
1729,
1,
1732,
1,
1737,
1,
1740,
1,
1744,
1,
1748,
1,
1752,
1,
1756,
1,
1759,
1,
1763,
1,
1766,
1,
1770,
1,
1774,
1,
1776,
1,
1780,
1,
1783,
1,
1787,
1,
1789,
1,
1794,
1,
1797,
1,
1799,
1,
1802,
1,
1807,
1,
1809,
1,
1813,
1,
1815,
1,
1820,
1,
1824,
1,
1828,
1,
1831,
1,
1835,
1,
1840,
1,
1843,
1,
1846,
1,
1850,
1,
1855,
1,
1859,
1,
1861,
1,
1867,
1,
1871,
1,
1875,
1,
1877,
1,
1881,
2,
1880,
3,
1879,
4,
1878,
3,
1881,
1,
1886,
1,
1892,
1,
1897,
1,
1902,
1,
1907,
1,
1913,
1,
1916,
1,
1922,
1,
1929,
1,
1933,
1,
1940,
1,
1945,
1,
1952,
1,
1956,
1,
1958,
8,
1959,
3,
1960,
3,
1961,
4,
1962,
13,
1961,
2,
1963,
1,
1967,
1,
1970,
1,
1973,
1,
1976,
1,
1979,
1,
1983,
1,
1985,
1,
1988,
1,
1990,
1,
1993,
1,
1996,
1,
1999,
1,
2001,
1,
2003,
1,
2005,
1,
2008,
1,
2009,
1,
2011,
1,
2013,
1,
2015,
1,
2017,
1,
2018,
1,
2019,
1,
2020,
1,
2022,
1,
2023,
1,
2024,
12,
2018,
1,
2014,
5,
2013,
2,
2012,
3,
2011,
1,
2010,
2,
2009,
2,
2008,
2,
2007,
2,
2006,
2,
2005,
26,
2006,
7,
2005,
16,
2004,
9,
2003,
7,
2002,
9,
2001,
19,
2002,
3,
2001,
1,
2000,
1,
1998,
1,
1997,
1,
1996,
1,
1995,
1,
1993,
1,
1992,
1,
1991,
1,
1990,
1,
1988,
1,
1987,
46,
1988,
4,
1981,
5,
1985,
1,
1988,
1,
1991,
1,
