0,
110,
-66,
1,
-48,
1,
-10,
1,
5,
1,
10,
1,
11,
1,
12,
3,
11,
1,
10,
1,
9,
1,
8,
1,
7,
2,
6,
1,
5,
1,
4,
2,
3,
2,
2,
1,
198,
1,
300,
1,
304,
1,
308,
1,
313,
1,
316,
1,
321,
1,
327,
1,
335,
1,
341,
1,
347,
1,
352,
1,
360,
1,
367,
1,
373,
1,
381,
1,
387,
1,
394,
1,
401,
1,
408,
1,
416,
1,
423,
1,
430,
1,
435,
1,
434,
1,
431,
1,
425,
1,
423,
1,
416,
1,
414,
1,
409,
1,
565,
1,
688,
1,
685,
1,
681,
1,
677,
1,
675,
1,
671,
1,
668,
1,
665,
1,
662,
1,
659,
1,
658,
1,
654,
1,
653,
1,
650,
1,
648,
1,
646,
1,
644,
1,
642,
1,
641,
1,
639,
1,
638,
1,
637,
1,
635,
1,
634,
2,
633,
1,
632,
2,
631,
1,
630,
3,
629,
13,
628,
6,
627,
3,
626,
1,
625,
1,
624,
1,
622,
1,
616,
1,
613,
1,
604,
1,
598,
1,
592,
1,
588,
1,
584,
1,
580,
1,
578,
1,
577,
1,
575,
1,
573,
1,
571,
1,
570,
1,
568,
1,
565,
1,
563,
1,
561,
1,
560,
1,
557,
1,
555,
1,
553,
1,
550,
1,
547,
1,
546,
1,
543,
1,
540,
1,
537,
1,
535,
1,
531,
1,
529,
1,
525,
1,
523,
1,
521,
1,
517,
1,
514,
1,
511,
1,
509,
1,
504,
1,
502,
1,
498,
1,
495,
1,
492,
1,
489,
1,
486,
1,
483,
1,
480,
1,
477,
1,
474,
1,
472,
1,
468,
1,
466,
1,
460,
1,
455,
1,
449,
1,
444,
1,
440,
1,
378,
1,
345,
1,
338,
1,
334,
1,
331,
1,
324,
1,
316,
1,
310,
1,
305,
1,
300,
1,
294,
1,
288,
1,
282,
1,
278,
1,
271,
1,
265,
1,
260,
1,
256,
1,
249,
1,
244,
1,
240,
1,
232,
1,
226,
1,
220,
1,
214,
1,
210,
1,
203,
1,
197,
1,
192,
1,
189,
1,
185,
2,
186,
2,
187,
1,
188,
1,
189,
1,
191,
1,
193,
1,
194,
1,
196,
1,
198,
1,
200,
1,
203,
1,
204,
1,
207,
1,
209,
1,
211,
1,
215,
1,
217,
1,
220,
1,
222,
1,
225,
1,
228,
1,
230,
1,
234,
1,
236,
1,
239,
1,
241,
1,
245,
1,
247,
1,
248,
1,
251,
1,
254,
1,
256,
1,
259,
1,
261,
1,
264,
1,
267,
1,
269,
1,
271,
1,
274,
1,
276,
1,
278,
1,
280,
1,
282,
1,
285,
1,
287,
1,
289,
1,
292,
1,
293,
1,
295,
1,
296,
1,
295,
1,
288,
1,
283,
1,
275,
1,
271,
1,
264,
1,
259,
1,
252,
1,
248,
1,
241,
1,
236,
1,
230,
1,
229,
1,
231,
1,
233,
1,
234,
1,
236,
1,
237,
1,
239,
1,
240,
1,
242,
1,
244,
1,
245,
1,
246,
1,
248,
1,
249,
1,
250,
1,
247,
1,
242,
1,
237,
1,
231,
1,
225,
1,
220,
1,
214,
1,
209,
1,
204,
1,
199,
1,
194,
1,
190,
1,
184,
1,
180,
1,
175,
1,
170,
1,
165,
1,
160,
1,
154,
1,
149,
1,
144,
1,
139,
1,
133,
1,
129,
1,
122,
1,
117,
1,
112,
1,
106,
1,
101,
1,
95,
1,
89,
1,
84,
1,
79,
1,
78,
1,
80,
1,
83,
1,
86,
1,
89,
1,
92,
1,
95,
1,
97,
1,
100,
1,
103,
1,
106,
1,
109,
1,
113,
1,
116,
1,
119,
1,
121,
1,
125,
1,
128,
1,
131,
1,
135,
1,
137,
1,
141,
1,
144,
1,
147,
1,
150,
1,
154,
1,
158,
1,
161,
1,
158,
1,
152,
1,
147,
1,
142,
1,
137,
1,
132,
1,
124,
1,
120,
1,
114,
1,
112,
1,
102,
1,
68,
1,
35,
1,
29,
1,
31,
1,
34,
1,
37,
1,
40,
1,
44,
1,
47,
1,
50,
1,
53,
1,
56,
1,
60,
1,
62,
1,
66,
1,
68,
1,
72,
1,
75,
1,
78,
1,
80,
1,
84,
1,
87,
1,
89,
1,
92,
1,
95,
1,
92,
1,
87,
1,
82,
1,
76,
1,
71,
1,
65,
1,
59,
1,
54,
1,
49,
1,
44,
1,
38,
1,
33,
1,
28,
1,
21,
1,
15,
1,
10,
1,
5,
1,
-1,
1,
-7,
1,
-13,
1,
-12,
1,
-10,
1,
-8,
1,
-4,
1,
-2,
1,
0,
1,
2,
1,
3,
1,
6,
1,
8,
1,
13,
1,
15,
1,
11,
1,
5,
1,
1,
1,
-3,
1,
-9,
1,
-15,
1,
-20,
1,
-26,
1,
-30,
1,
-36,
1,
-41,
1,
-47,
1,
-51,
1,
-56,
1,
-60,
1,
-66,
1,
-70,
1,
-76,
1,
-80,
1,
-85,
1,
-92,
1,
-96,
1,
-101,
1,
-106,
1,
-111,
1,
-115,
1,
-120,
1,
-126,
1,
-130,
1,
-135,
1,
-139,
1,
-145,
1,
-149,
1,
-156,
1,
-162,
1,
-166,
1,
-171,
1,
-177,
1,
-182,
1,
-197,
1,
-204,
1,
-211,
1,
-216,
1,
-222,
1,
-226,
1,
-231,
1,
